0
95105652
58778525
-58778525
-95105652
-0
95105652
58778525
-58778525
-95105652
-0
95105652
58778525
-58778525
-95105652
-0
95105652
58778525
-58778525
-95105652
-0
95105652
58778525
-58778525
-95105652
0
95105652
58778525
-58778525
-95105652
-0
95105652
58778525
-58778525
-95105652
0
95105652
58778525
-58778525
-95105652
-0
95105652
58778525
-58778525
-95105652
-0
95105652
58778525
-58778525
-95105652
0
95105652
58778525
-58778525
-95105652
0
95105652
58778525
-58778525
-95105652
-0
95105652
58778525
-58778525
-95105652
0
95105652
58778525
-58778525
-95105652
0
95105652
58778525
-58778525
-95105652
0
95105652
58778525
-58778525
-95105652
-0
95105652
58778525
-58778525
-95105652
-0
95105652
58778525
-58778525
-95105652
-0
95105652
58778525
-58778525
-95105652
0
95105652
58778525
-58778525
-95105652
0
95105652
58778525
-58778525
-95105652
0
95105652
58778525
-58778525
-95105652
0
95105652
58778525
-58778525
-95105652
-0
95105652
58778525
-58778525
-95105652
-0
95105652
58778525
-58778525
-95105652
