0
20026427
64836379
51412894
-50256170
-97679722
-7263605
90967690
56420588
-60029179
-96362480
-3551903
90224960
55931697
-59040048
-95834049
-3433087
90595933
56374304
-58711564
-95511189
-3077909
90936380
56698418
-58387002
-95189723
-2764480
91244249
57001864
-58089089
-94897435
-2477375
91526129
57278411
-57817797
-94631340
-2216477
91781851
57528996
-57572320
-94390946
-1981134
92012177
57754336
-57351932
-94175475
-1770544
92217922
57955274
-57155763
-93984036
-1583795
92400022
58132767
-56982835
-93815629
-1419865
92559520
58287878
-56832065
-93669152
-1277634
92697553
58421762
-56702280
-93543417
-1155897
92815341
58535654
-56592232
-93437161
-1053381
92914172
58630852
-56500613
-93349066
-968756
92995382
58708702
-56426067
-93277770
-900654
93060345
58770583
-56367214
-93221888
-847687
93110453
58817887
-56322657
-93180023
-808458
93147101
58852010
-56291004
-93150785
-781580
93171674
58874332
-56270879
-93132802
-765686
93185532
58886208
-56260933
-93124734
-759444
93190000
58888952
-56259861
-93125285
-761568
93186353
58883830
-56266410
-93133212
-770826
93175809
58872048
-56279385
-93147334
-786052
93159524
58854747
-56297660
