         ps       /tb_ps_module/dout    
          delta                         
          0  +0                    x 
      15000  +2                    0 
    1815000  +4                63887 
    3345000  +4               342853 
    4875000  +4              1256111 
    6405000  +4              2054592 
    7935000  +4              2201647 
    9465000  +4              2240658 
   10995000  +4              2026927 
   12525000  +4              1139162 
   14055000  +4               366620 
   15585000  +4               227523 
   17115000  +4               125608 
   18645000  +4               169534 
   20175000  +4              1221943 
   21705000  +4              1408201 
   23235000  +4              1479065 
   24765000  +2              1758298 
   26295000  +4              2056808 
   27825000  +4              1331338 
   29355000  +4              1454025 
   30885000  +4              1777671 
   32415000  +4              1784682 
   33945000  +4              1428550 
   35475000  +4              1668581 
   37005000  +4              1974841 
   38535000  +4              2142374 
   40065000  +4              2004334 
   41595000  +4              2271637 
   43125000  +4              1729026 
   44655000  +4              1166094 
   46185000  +4               699536 
   47715000  +4               794026 
   49245000  +4              1446183 
   50775000  +4              1966619 
   52305000  +4              2308140 
   53835000  +4              2234095 
   55365000  +4              2408861 
   56895000  +4              2344027 
   58425000  +4              2042794 
   59955000  +4              1826017 
   61485000  +4              3115231 
   63015000  +4              4206464 
   64545000  +4              3544501 
   66075000  +4              3284172 
   67605000  +4              3105291 
   69135000  +4              1793500 
   70665000  +4               361889 
   72195000  +4               195642 
   73725000  +4               330485 
   75255000  +4               508685 
   76785000  +4              1141729 
   78315000  +4              1536318 
   79845000  +4              1735817 
   81375000  +4              1701253 
   82905000  +4              1704227 
   84435000  +2              1192417 
   85965000  +4               827232 
   87495000  +4               683075 
   89025000  +4               665229 
   90555000  +2               568298 
   92085000  +4               561233 
   93615000  +4              1006391 
   95145000  +4              1636764 
   96675000  +4              1730763 
   98205000  +4              1671401 
   99735000  +4              1658860 
  101265000  +4              1177986 
  102795000  +4               493737 
  104325000  +4               417349 
  105855000  +4               396825 
  107385000  +4              1631039 
  108915000  +4              2415686 
  110445000  +4              2733865 
  111975000  +4              2656696 
  113505000  +4              2635543 
  115035000  +4              1375785 
  116565000  +4               834902 
  118095000  +2               511454 
  119625000  +4               487484 
  121155000  +4               705466 
  122685000  +4              1051007 
  124215000  +2              1109509 
  125745000  +4              1088835 
  127275000  +4              1372717 
  128805000  +4              1243757 
  130335000  +4               898285 
  131865000  +4               851429 
  133395000  +2              1567280 
  134925000  +4              2429015 
  136455000  +4              3395085 
  137985000  +4              3505008 
  139515000  +4              3256007 
  141045000  +4              2653992 
  142575000  +2              1692750 
  144105000  +4               707760 
  145635000  +4              1263923 
  147165000  +4              1718379 
  148695000  +4              1595464 
  150225000  +4              1410090 
